4069 
   1 10
   1 10002
   1 10004
   1 10009
   1 10012
   1 10014
   1 10016
   1 10019
   1 1002
   1 10022
   1 10024
   1 10029
   1 10032
   1 10036
   1 1004
   1 10040
   1 10044
   1 10046
   1 10050
   1 10052
   1 10057
   1 10058
   1 1006
   1 10062
   1 10065
   1 10066
   1 10070
   1 10071
   1 10075
   1 10079
   1 10084
   1 10088
   1 1009
   1 10091
   1 10095
   1 10098
   1 10102
   1 10105
   1 10110
   1 10114
   1 10117
   1 10119
   1 1012
   1 10123
   1 10127
   1 10129
   1 10131
   1 10133
   1 10134
   1 10137
   1 1014
   1 10142
   1 10143
   1 10147
   1 10149
   1 10150
   1 10155
   1 10159
   1 10162
   1 10164
   1 10165
   1 10168
   1 1017
   1 10171
   1 10174
   1 10178
   1 10181
   1 10185
   1 1019
   1 10190
   1 10192
   1 10195
   1 10198
   1 102
   1 10201
   1 10203
   1 10206
   1 10208
   1 10211
   1 10214
   1 10218
   1 1022
   1 10221
   1 10225
   1 10227
   1 10230
   1 10233
   1 10236
   1 10237
   1 10238
   1 10240
   1 10245
   1 10247
   1 1025
   1 10251
   1 10256
   1 10261
   1 10264
   1 10267
   1 10271
   1 10276
   1 10278
   1 10279
   1 1028
   1 10282
   1 10286
   1 10289
   1 10291
   1 10293
   1 10297
   1 10300
   1 10303
   1 10307
   1 1031
   1 10310
   1 10314
   1 10316
   1 10319
   1 10323
   1 10327
   1 10329
   1 10333
   1 10336
   1 10339
   1 1034
   1 10342
   1 10346
   1 10349
   1 10351
   1 10354
   1 10357
   1 10360
   1 10362
   1 10367
   1 10368
   1 10369
   1 1037
   1 10372
   1 10376
   1 10379
   1 10382
   1 10386
   1 10391
   1 10394
   1 10398
   1 10400
   1 10403
   1 10407
   1 10409
   1 1041
   1 10413
   1 10416
   1 10419
   1 10421
   1 10424
   1 10428
   1 10432
   1 10435
   1 10440
   1 10443
   1 10445
   1 10448
   1 1045
   1 10452
   1 10455
   1 10457
   1 10458
   1 10462
   1 10465
   1 10469
   1 10474
   1 10477
   1 10480
   1 10484
   1 10487
   1 1049
   1 10492
   1 10495
   1 10499
   1 105
   1 10502
   1 10504
   1 10508
   1 1051
   1 10513
   1 10515
   1 10520
   1 10522
   1 10525
   1 10529
   1 10533
   1 10534
   1 10536
   1 10538
   1 10540
   1 10543
   1 10545
   1 10547
   1 10549
   1 10553
   1 10556
   1 1056
   1 10561
   1 10564
   1 10568
   1 10570
   1 10574
   1 10576
   1 10579
   1 1058
   1 10581
   1 10586
   1 10591
   1 10595
   1 10598
   1 10600
   1 10603
   1 10607
   1 10611
   1 10615
   1 10618
   1 1062
   1 10621
   1 10624
   1 10626
   1 10629
   1 10632
   1 10637
   1 10639
   1 10641
   1 10644
   1 10646
   1 10648
   1 10649
   1 10651
   1 10654
   1 10658
   1 1066
   1 10662
   1 10665
   1 10667
   1 10669
   1 1067
   1 10673
   1 10674
   1 10679
   1 10682
   1 10684
   1 10689
   1 10692
   1 10696
   1 10700
   1 10703
   1 10708
   1 10710
   1 10713
   1 10718
   1 1072
   1 10722
   1 10724
   1 10727
   1 10731
   1 10735
   1 10738
   1 10743
   1 10747
   1 1075
   1 10750
   1 10751
   1 10756
   1 10758
   1 10761
   1 10765
   1 10769
   1 10772
   1 10775
   1 10776
   1 10779
   1 10784
   1 10786
   1 10789
   1 1079
   1 10792
   1 10793
   1 10797
   1 108
   1 10800
   1 10804
   1 10808
   1 10809
   1 1081
   1 10812
   1 10815
   1 10817
   1 10820
   1 10822
   1 10824
   1 10828
   1 10831
   1 10835
   1 10839
   1 1084
   1 10842
   1 10845
   1 10848
   1 10853
   1 10855
   1 10856
   1 10857
   1 10860
   1 10863
   1 10864
   1 10866
   1 10868
   1 1087
   1 10871
   1 10876
   1 10877
   1 10882
   1 10885
   1 10886
   1 10890
   1 10893
   1 10896
   1 1090
   1 10900
   1 10901
   1 10906
   1 10908
   1 10910
   1 10912
   1 10915
   1 10919
   1 1092
   1 10921
   1 10922
   1 10926
   1 10930
   1 10931
   1 10934
   1 10938
   1 1094
   1 10942
   1 10947
   1 10949
   1 10952
   1 10956
   1 10958
   1 10960
   1 10964
   1 10967
   1 10969
   1 1097
   1 10971
   1 10972
   1 10974
   1 10976
   1 10979
   1 1098
   1 10982
   1 10984
   1 10987
   1 10991
   1 10993
   1 10994
   1 10996
   1 110
   1 11000
   1 11004
   1 11005
   1 11008
   1 11010
   1 11015
   1 11018
   1 11019
   1 1102
   1 11022
   1 11024
   1 11026
   1 11029
   1 11034
   1 11039
   1 11042
   1 11044
   1 11047
   1 1105
   1 11050
   1 11053
   1 11057
   1 11060
   1 11062
   1 11063
   1 11065
   1 11068
   1 11070
   1 11073
   1 11078
   1 11080
   1 11084
   1 11088
   1 11089
   1 11093
   1 11097
   1 1110
   1 11102
   1 11103
   1 11108
   1 11110
   1 11112
   1 11116
   1 11119
   1 1112
   1 11122
   1 11126
   1 1113
   1 11130
   1 11132
   1 11135
   1 11136
   1 11138
   1 11140
   1 11141
   1 11144
   1 11146
   1 11148
   1 11150
   1 11154
   1 11156
   1 11158
   1 11159
   1 11164
   1 11169
   1 11172
   1 11174
   1 11175
   1 11179
   1 1118
   1 11182
   1 11186
   1 11189
   1 1119
   1 11192
   1 11194
   1 11198
   1 11200
   1 11203
   1 11206
   1 11210
   1 11215
   1 11219
   1 11221
   1 11222
   1 11226
   1 11230
   1 11233
   1 11236
   1 11239
   1 1124
   1 11241
   1 11246
   1 11248
   1 1125
   1 11252
   1 11257
   1 11261
   1 11264
   1 11268
   1 11270
   1 11274
   1 11277
   1 11279
   1 1128
   1 11283
   1 11286
   1 11288
   1 11293
   1 11294
   1 11299
   1 11301
   1 11306
   1 1131
   1 11310
   1 11314
   1 11318
   1 11319
   1 11323
   1 11325
   1 11326
   1 1133
   1 11330
   1 11335
   1 11338
   1 11341
   1 11343
   1 11346
   1 11349
   1 11352
   1 11355
   1 11359
   1 11360
   1 11362
   1 11366
   1 1137
   1 11371
   1 11373
   1 11376
   1 11379
   1 11383
   1 11386
   1 11389
   1 11391
   1 11396
   1 11399
   1 114
   1 11403
   1 11404
   1 11407
   1 1141
   1 11410
   1 11413
   1 11415
   1 11418
   1 11420
   1 11422
   1 11425
   1 11429
   1 11434
   1 11437
   1 1144
   1 11442
   1 11447
   1 11449
   1 1145
   1 11451
   1 11452
   1 11456
   1 11459
   1 11460
   1 11462
   1 11464
   1 11469
   1 11473
   1 11475
   1 11479
   1 11481
   1 11485
   1 11487
   1 1149
   1 11490
   1 11494
   1 11495
   1 11497
   1 11500
   1 11503
   1 11507
   1 11509
   1 1151
   1 11512
   1 11516
   1 11517
   1 11518
   1 11522
   1 11526
   1 11528
   1 11532
   1 11536
   1 11538
   1 1154
   1 11540
   1 11543
   1 11546
   1 11547
   1 11550
   1 11555
   1 11558
   1 11562
   1 11565
   1 11569
   1 1157
   1 11573
   1 11576
   1 11579
   1 11581
   1 11585
   1 11587
   1 11589
   1 11593
   1 11597
   1 11601
   1 11604
   1 11609
   1 1161
   1 11611
   1 11614
   1 11618
   1 11621
   1 11626
   1 11629
   1 11631
   1 11635
   1 11638
   1 11639
   1 1164
   1 11643
   1 11647
   1 11648
   1 11651
   1 11655
   1 11658
   1 11663
   1 11666
   1 11669
   1 11671
   1 11675
   1 11678
   1 1168
   1 11681
   1 11684
   1 11688
   1 11691
   1 11693
   1 11697
   1 11701
   1 11703
   1 11707
   1 11708
   1 11710
   1 11713
   1 11717
   1 1172
   1 11721
   1 11724
   1 11728
   1 11733
   1 11734
   1 11738
   1 11743
   1 11746
   1 11751
   1 11753
   1 11757
   1 1176
   1 11760
   1 11763
   1 11765
   1 11768
   1 11772
   1 11773
   1 11778
   1 11779
   1 1178
   1 11782
   1 11784
   1 11789
   1 11791
   1 11794
   1 11797
   1 11800
   1 11804
   1 11809
   1 11812
   1 11815
   1 11818
   1 11821
   1 11826
   1 1183
   1 11830
   1 11834
   1 11837
   1 11841
   1 11844
   1 11845
   1 11849
   1 11854
   1 11857
   1 11859
   1 1186
   1 11861
   1 11865
   1 11867
   1 11869
   1 11874
   1 11877
   1 11880
   1 11883
   1 11886
   1 11888
   1 119
   1 1190
   1 1194
   1 1197
   1 1202
   1 1204
   1 1207
   1 1211
   1 1213
   1 1218
   1 1220
   1 1223
   1 1226
   1 1228
   1 123
   1 1230
   1 1232
   1 1235
   1 1236
   1 1239
   1 1244
   1 1245
   1 1247
   1 1251
   1 1254
   1 1257
   1 126
   1 1261
   1 1264
   1 1267
   1 1271
   1 1273
   1 1276
   1 1280
   1 1284
   1 1288
   1 129
   1 1291
   1 1294
   1 1297
   1 13
   1 1300
   1 1302
   1 1304
   1 1307
   1 1310
   1 1315
   1 1318
   1 1322
   1 1326
   1 1329
   1 1330
   1 1332
   1 1334
   1 1336
   1 1338
   1 134
   1 1341
   1 1342
   1 1346
   1 1348
   1 1349
   1 1353
   1 1355
   1 1357
   1 136
   1 1360
   1 1365
   1 1369
   1 1372
   1 1373
   1 1375
   1 1378
   1 1381
   1 1383
   1 1386
   1 1389
   1 139
   1 1392
   1 1395
   1 1397
   1 1399
   1 1401
   1 1404
   1 1406
   1 1409
   1 1411
   1 1415
   1 1417
   1 1421
   1 1424
   1 1429
   1 1434
   1 1438
   1 144
   1 1443
   1 1446
   1 1448
   1 1451
   1 1455
   1 1459
   1 1462
   1 1466
   1 1470
   1 1473
   1 1476
   1 1478
   1 148
   1 1480
   1 1484
   1 1489
   1 1492
   1 1495
   1 1497
   1 1499
   1 15
   1 150
   1 1502
   1 1504
   1 1505
   1 1509
   1 1512
   1 1517
   1 152
   1 1521
   1 1525
   1 1528
   1 1530
   1 1531
   1 1534
   1 1538
   1 154
   1 1540
   1 1544
   1 1548
   1 1551
   1 1556
   1 1558
   1 1560
   1 1563
   1 1565
   1 1568
   1 157
   1 1570
   1 1571
   1 1575
   1 1577
   1 1580
   1 1583
   1 1588
   1 159
   1 1592
   1 1596
   1 1601
   1 1603
   1 1606
   1 161
   1 1611
   1 1614
   1 1616
   1 1621
   1 1625
   1 1626
   1 1630
   1 1631
   1 1633
   1 1636
   1 1638
   1 1640
   1 1644
   1 1649
   1 165
   1 1653
   1 1654
   1 1659
   1 1663
   1 1667
   1 1671
   1 1674
   1 1678
   1 1679
   1 168
   1 1680
   1 1683
   1 1685
   1 1689
   1 1693
   1 1694
   1 1698
   1 1700
   1 1703
   1 1706
   1 1709
   1 1714
   1 1719
   1 172
   1 1722
   1 1725
   1 1726
   1 1730
   1 1732
   1 1735
   1 1740
   1 1742
   1 1744
   1 1746
   1 1748
   1 1749
   1 175
   1 1753
   1 1758
   1 1761
   1 1764
   1 1766
   1 1767
   1 1770
   1 1772
   1 1773
   1 1776
   1 1779
   1 1780
   1 1783
   1 1787
   1 1789
   1 1792
   1 1796
   1 1799
   1 180
   1 1802
   1 1804
   1 1808
   1 1811
   1 1815
   1 1819
   1 1820
   1 1824
   1 1826
   1 183
   1 1831
   1 1832
   1 1835
   1 1837
   1 1841
   1 1844
   1 1845
   1 1849
   1 1853
   1 1855
   1 1859
   1 186
   1 1861
   1 1866
   1 1868
   1 1869
   1 1872
   1 1877
   1 1879
   1 1883
   1 1885
   1 1886
   1 189
   1 1890
   1 1892
   1 1894
   1 1897
   1 19
   1 1901
   1 1902
   1 1905
   1 1908
   1 1913
   1 1917
   1 192
   1 1920
   1 1921
   1 1926
   1 1927
   1 1929
   1 1930
   1 1934
   1 1936
   1 1940
   1 1942
   1 1944
   1 1946
   1 1948
   1 1949
   1 1950
   1 1951
   1 1952
   1 1955
   1 1959
   1 1962
   1 1965
   1 1969
   1 197
   1 1973
   1 1977
   1 1979
   1 1982
   1 1986
   1 1991
   1 1992
   1 1996
   1 1997
   1 2
   1 2001
   1 2002
   1 2007
   1 2011
   1 2015
   1 2017
   1 202
   1 2022
   1 2025
   1 2028
   1 2031
   1 2036
   1 2040
   1 2045
   1 2049
   1 205
   1 2053
   1 2058
   1 2061
   1 2066
   1 2068
   1 207
   1 2072
   1 2075
   1 2078
   1 2080
   1 2083
   1 2086
   1 2090
   1 2094
   1 2097
   1 210
   1 2101
   1 2104
   1 2107
   1 211
   1 2110
   1 2113
   1 2117
   1 2120
   1 2123
   1 2126
   1 2129
   1 2131
   1 2135
   1 2137
   1 2139
   1 2142
   1 2145
   1 2147
   1 215
   1 2151
   1 2153
   1 2156
   1 2159
   1 2162
   1 2167
   1 2170
   1 2172
   1 2174
   1 2176
   1 2180
   1 2184
   1 2187
   1 2189
   1 219
   1 2191
   1 2195
   1 2197
   1 2198
   1 22
   1 2202
   1 2207
   1 2210
   1 2214
   1 2217
   1 2220
   1 2223
   1 2226
   1 223
   1 2230
   1 2233
   1 2236
   1 2241
   1 2244
   1 2247
   1 2249
   1 2250
   1 2251
   1 2255
   1 2257
   1 2258
   1 2259
   1 2263
   1 2267
   1 2271
   1 2272
   1 2275
   1 2278
   1 2279
   1 228
   1 2283
   1 2286
   1 229
   1 2291
   1 2293
   1 2295
   1 2296
   1 2298
   1 23
   1 2301
   1 2304
   1 2306
   1 2308
   1 2310
   1 2314
   1 2318
   1 2321
   1 2326
   1 233
   1 2330
   1 2334
   1 2335
   1 2338
   1 2341
   1 2345
   1 2350
   1 2352
   1 2356
   1 2358
   1 2361
   1 2363
   1 2368
   1 237
   1 2371
   1 2374
   1 2378
   1 2380
   1 2383
   1 2385
   1 2388
   1 2391
   1 2394
   1 2397
   1 2401
   1 2403
   1 2407
   1 2410
   1 2412
   1 2415
   1 2419
   1 242
   1 2422
   1 2423
   1 2426
   1 2427
   1 2428
   1 2433
   1 2438
   1 2439
   1 244
   1 2444
   1 2448
   1 2449
   1 2450
   1 2453
   1 2455
   1 2456
   1 2457
   1 2461
   1 2463
   1 2466
   1 2469
   1 2473
   1 2476
   1 2478
   1 248
   1 2483
   1 2484
   1 2487
   1 249
   1 2492
   1 2495
   1 2498
   1 2503
   1 2506
   1 2507
   1 251
   1 2511
   1 2514
   1 2517
   1 2520
   1 2522
   1 2527
   1 2529
   1 2533
   1 2537
   1 254
   1 2540
   1 2543
   1 2544
   1 2546
   1 2548
   1 2550
   1 2553
   1 2556
   1 2561
   1 2564
   1 2565
   1 2568
   1 257
   1 2573
   1 2578
   1 2579
   1 2582
   1 2586
   1 2587
   1 2589
   1 2592
   1 2595
   1 2598
   1 260
   1 2600
   1 2603
   1 2608
   1 2613
   1 2617
   1 2621
   1 2625
   1 2629
   1 263
   1 2631
   1 2633
   1 2637
   1 2640
   1 2645
   1 2648
   1 265
   1 2652
   1 2654
   1 2656
   1 2659
   1 2661
   1 2664
   1 2666
   1 267
   1 2671
   1 2674
   1 2677
   1 2681
   1 2684
   1 2687
   1 2689
   1 2694
   1 2696
   1 270
   1 2700
   1 2703
   1 2707
   1 2709
   1 271
   1 2712
   1 2715
   1 2718
   1 2720
   1 2721
   1 2725
   1 2726
   1 273
   1 2731
   1 2736
   1 2741
   1 2745
   1 2749
   1 2752
   1 2755
   1 2757
   1 2760
   1 2764
   1 2767
   1 277
   1 2770
   1 2773
   1 2776
   1 278
   1 2780
   1 2783
   1 2784
   1 2787
   1 279
   1 2790
   1 2794
   1 2796
   1 28
   1 2801
   1 2804
   1 2808
   1 281
   1 2811
   1 2815
   1 2817
   1 2819
   1 2824
   1 2827
   1 283
   1 2830
   1 2832
   1 2835
   1 2837
   1 2840
   1 2841
   1 2844
   1 2848
   1 2853
   1 2855
   1 2858
   1 2863
   1 2865
   1 2867
   1 2869
   1 287
   1 2873
   1 2877
   1 2879
   1 2883
   1 2886
   1 289
   1 2890
   1 2895
   1 2896
   1 2899
   1 2902
   1 2905
   1 2909
   1 2913
   1 2914
   1 2916
   1 292
   1 2920
   1 2923
   1 2927
   1 2929
   1 2932
   1 2935
   1 2936
   1 2938
   1 2943
   1 2948
   1 295
   1 2951
   1 2952
   1 2956
   1 2958
   1 2962
   1 2967
   1 2970
   1 2975
   1 298
   1 2980
   1 2984
   1 2988
   1 2990
   1 2993
   1 2994
   1 2999
   1 3
   1 3003
   1 3005
   1 301
   1 3010
   1 3013
   1 3015
   1 3020
   1 3025
   1 3027
   1 303
   1 3032
   1 3036
   1 3037
   1 3041
   1 3046
   1 3049
   1 3053
   1 3056
   1 3059
   1 3060
   1 3063
   1 3068
   1 307
   1 3071
   1 3076
   1 3080
   1 3084
   1 3087
   1 3091
   1 3095
   1 3098
   1 31
   1 3102
   1 3106
   1 3108
   1 3112
   1 3116
   1 312
   1 3121
   1 3124
   1 3128
   1 3131
   1 3136
   1 3139
   1 3142
   1 3144
   1 3148
   1 315
   1 3151
   1 3153
   1 3156
   1 3160
   1 3164
   1 3168
   1 3169
   1 3172
   1 3175
   1 3177
   1 3182
   1 3186
   1 319
   1 3190
   1 3195
   1 3196
   1 3201
   1 3203
   1 3207
   1 3210
   1 3212
   1 3216
   1 3219
   1 322
   1 3223
   1 3226
   1 3230
   1 3235
   1 3239
   1 3243
   1 3247
   1 325
   1 3250
   1 3254
   1 3255
   1 3260
   1 3265
   1 3267
   1 3269
   1 327
   1 3271
   1 3275
   1 3277
   1 328
   1 3281
   1 3284
   1 3289
   1 3291
   1 3295
   1 3299
   1 3302
   1 3303
   1 3306
   1 3309
   1 3310
   1 3313
   1 3318
   1 332
   1 3323
   1 3326
   1 3329
   1 3331
   1 3333
   1 3335
   1 3338
   1 334
   1 3342
   1 3345
   1 3348
   1 335
   1 3351
   1 3356
   1 3358
   1 3359
   1 3362
   1 3364
   1 3367
   1 3369
   1 3371
   1 3372
   1 3374
   1 3377
   1 3378
   1 3381
   1 3384
   1 3389
   1 339
   1 3391
   1 3392
   1 3394
   1 3399
   1 34
   1 3402
   1 3404
   1 3407
   1 3412
   1 3414
   1 3417
   1 3420
   1 3425
   1 3427
   1 343
   1 3431
   1 3432
   1 3436
   1 3439
   1 3442
   1 3445
   1 3449
   1 3452
   1 3455
   1 3458
   1 346
   1 3460
   1 3464
   1 3468
   1 3470
   1 3474
   1 3477
   1 3482
   1 3484
   1 3486
   1 349
   1 3491
   1 3494
   1 3499
   1 3503
   1 3506
   1 3509
   1 351
   1 3511
   1 3513
   1 3516
   1 3517
   1 3521
   1 3525
   1 3528
   1 3531
   1 3536
   1 3538
   1 3542
   1 3545
   1 3546
   1 3549
   1 355
   1 3551
   1 3556
   1 3557
   1 3562
   1 3565
   1 3570
   1 3573
   1 3577
   1 358
   1 3580
   1 3583
   1 3586
   1 3590
   1 3593
   1 3596
   1 3597
   1 3600
   1 3603
   1 3608
   1 361
   1 3611
   1 3613
   1 3616
   1 3617
   1 3619
   1 3621
   1 3624
   1 3626
   1 3629
   1 3633
   1 3637
   1 3639
   1 3643
   1 3647
   1 365
   1 3650
   1 3653
   1 3658
   1 3661
   1 3663
   1 3666
   1 3668
   1 3670
   1 3672
   1 3675
   1 3677
   1 3680
   1 3683
   1 3686
   1 3687
   1 3690
   1 3692
   1 3695
   1 3699
   1 370
   1 3702
   1 3706
   1 3709
   1 3713
   1 3715
   1 3717
   1 3719
   1 3722
   1 3726
   1 3729
   1 3734
   1 3737
   1 3739
   1 374
   1 3742
   1 3745
   1 3747
   1 3751
   1 3756
   1 3760
   1 3762
   1 3764
   1 3766
   1 3768
   1 377
   1 3770
   1 3771
   1 3774
   1 3779
   1 378
   1 3784
   1 3787
   1 3791
   1 3795
   1 3796
   1 3797
   1 38
   1 3801
   1 3806
   1 3810
   1 3811
   1 3812
   1 3816
   1 3819
   1 3823
   1 3825
   1 3826
   1 383
   1 3830
   1 3833
   1 3834
   1 3836
   1 3838
   1 384
   1 3840
   1 3841
   1 3844
   1 3846
   1 3847
   1 3851
   1 3854
   1 3857
   1 3860
   1 3864
   1 3867
   1 3869
   1 3871
   1 3874
   1 3877
   1 3878
   1 3883
   1 3885
   1 3887
   1 389
   1 3890
   1 3894
   1 3897
   1 3898
   1 3903
   1 3907
   1 3908
   1 3909
   1 3913
   1 3915
   1 3919
   1 3924
   1 3926
   1 3928
   1 3929
   1 3931
   1 3934
   1 3935
   1 3938
   1 394
   1 3941
   1 3942
   1 3944
   1 3948
   1 395
   1 3951
   1 3953
   1 3955
   1 3957
   1 3959
   1 3963
   1 3965
   1 3967
   1 3972
   1 3974
   1 3978
   1 3982
   1 3983
   1 3986
   1 3987
   1 3991
   1 3994
   1 3996
   1 3997
   1 4
   1 400
   1 4000
   1 4004
   1 4005
   1 4007
   1 4011
   1 4015
   1 4017
   1 402
   1 4022
   1 4026
   1 4031
   1 4033
   1 4035
   1 4038
   1 4039
   1 4044
   1 4047
   1 405
   1 4052
   1 4054
   1 4059
   1 4062
   1 4066
   1 4069
   1 4073
   1 4076
   1 4077
   1 4082
   1 4084
   1 4088
   1 4091
   1 4093
   1 4096
   1 4099
   1 41
   1 410
   1 4101
   1 4106
   1 4111
   1 4113
   1 4114
   1 4117
   1 4122
   1 4125
   1 4129
   1 4133
   1 4136
   1 4141
   1 4143
   1 4146
   1 4149
   1 415
   1 4152
   1 4155
   1 4158
   1 4160
   1 4162
   1 4165
   1 4169
   1 4173
   1 4176
   1 4181
   1 4183
   1 4185
   1 4188
   1 419
   1 4191
   1 4193
   1 4196
   1 4198
   1 420
   1 4201
   1 4204
   1 4206
   1 4209
   1 4211
   1 4214
   1 4215
   1 4219
   1 422
   1 4222
   1 4225
   1 4227
   1 4230
   1 4233
   1 4235
   1 4237
   1 4238
   1 4240
   1 4242
   1 4245
   1 4248
   1 425
   1 4251
   1 4256
   1 4259
   1 4262
   1 4263
   1 4265
   1 4267
   1 4268
   1 427
   1 4270
   1 4274
   1 4277
   1 4281
   1 4286
   1 4287
   1 4289
   1 429
   1 4293
   1 4297
   1 4299
   1 43
   1 430
   1 4304
   1 4307
   1 4312
   1 4316
   1 4317
   1 432
   1 4321
   1 4325
   1 4328
   1 4329
   1 4333
   1 4336
   1 4337
   1 4342
   1 4346
   1 435
   1 4350
   1 4355
   1 4356
   1 4358
   1 4363
   1 4365
   1 4367
   1 4369
   1 4371
   1 4373
   1 4374
   1 4376
   1 4377
   1 438
   1 4380
   1 4385
   1 4389
   1 439
   1 4390
   1 4394
   1 4397
   1 4401
   1 4404
   1 4407
   1 441
   1 4412
   1 4414
   1 4418
   1 4421
   1 4424
   1 4428
   1 443
   1 4433
   1 4436
   1 4439
   1 4441
   1 4446
   1 445
   1 4450
   1 4453
   1 4456
   1 4459
   1 4463
   1 4467
   1 4472
   1 4474
   1 4476
   1 4480
   1 4483
   1 4486
   1 4491
   1 4493
   1 4494
   1 4498
   1 450
   1 4501
   1 4502
   1 4503
   1 4504
   1 4507
   1 4511
   1 4515
   1 452
   1 4520
   1 4521
   1 4526
   1 4529
   1 4531
   1 4536
   1 4541
   1 4544
   1 4547
   1 455
   1 4550
   1 4553
   1 4554
   1 4557
   1 4560
   1 4564
   1 4566
   1 4568
   1 4572
   1 4577
   1 458
   1 4580
   1 4584
   1 4587
   1 4590
   1 4593
   1 4594
   1 4599
   1 4601
   1 4604
   1 4609
   1 461
   1 4614
   1 4617
   1 4621
   1 4625
   1 4626
   1 4630
   1 4634
   1 4637
   1 4639
   1 4642
   1 4644
   1 4648
   1 4653
   1 4656
   1 4659
   1 466
   1 4660
   1 4664
   1 4666
   1 4670
   1 4674
   1 4679
   1 4682
   1 4685
   1 4688
   1 4689
   1 469
   1 4690
   1 4691
   1 4695
   1 4698
   1 4701
   1 4704
   1 4706
   1 4708
   1 471
   1 4711
   1 4713
   1 4714
   1 4718
   1 4722
   1 4724
   1 4727
   1 4729
   1 4733
   1 4736
   1 4739
   1 4744
   1 4746
   1 4748
   1 475
   1 4751
   1 4754
   1 4757
   1 4760
   1 4761
   1 4765
   1 4768
   1 4771
   1 4774
   1 4776
   1 4781
   1 4782
   1 4786
   1 4790
   1 4794
   1 4795
   1 4797
   1 48
   1 480
   1 4800
   1 4801
   1 4803
   1 4806
   1 4810
   1 4812
   1 4815
   1 4819
   1 4824
   1 4829
   1 483
   1 4831
   1 4836
   1 4839
   1 484
   1 4840
   1 4842
   1 4846
   1 4851
   1 4854
   1 4855
   1 4856
   1 4858
   1 4862
   1 4865
   1 487
   1 4870
   1 4874
   1 4879
   1 488
   1 4884
   1 4888
   1 4891
   1 4894
   1 4898
   1 4903
   1 4907
   1 4908
   1 4910
   1 4915
   1 4917
   1 492
   1 4922
   1 4926
   1 4929
   1 4932
   1 4935
   1 4938
   1 4940
   1 4945
   1 4948
   1 495
   1 4951
   1 4953
   1 4958
   1 4962
   1 4965
   1 4969
   1 497
   1 4972
   1 4974
   1 4977
   1 4982
   1 4986
   1 4990
   1 4991
   1 4993
   1 4997
   1 500
   1 5002
   1 5006
   1 5007
   1 5010
   1 5015
   1 5019
   1 502
   1 5022
   1 5025
   1 5028
   1 5030
   1 5031
   1 5035
   1 504
   1 5040
   1 5043
   1 5045
   1 5047
   1 5051
   1 5053
   1 5057
   1 5061
   1 5064
   1 5066
   1 5068
   1 507
   1 5073
   1 5075
   1 5078
   1 5080
   1 5083
   1 5087
   1 5091
   1 5093
   1 5098
   1 510
   1 5101
   1 5102
   1 5105
   1 5108
   1 5113
   1 5115
   1 5120
   1 5124
   1 5125
   1 5128
   1 5132
   1 5134
   1 5136
   1 5138
   1 5142
   1 5144
   1 5147
   1 5148
   1 515
   1 5151
   1 5155
   1 5156
   1 5159
   1 5161
   1 5164
   1 5168
   1 5171
   1 5175
   1 518
   1 5180
   1 5183
   1 5187
   1 5190
   1 5193
   1 5196
   1 5199
   1 52
   1 5202
   1 5205
   1 5208
   1 5213
   1 5217
   1 5220
   1 5224
   1 5226
   1 523
   1 5230
   1 5232
   1 5235
   1 5238
   1 5240
   1 5242
   1 5244
   1 5248
   1 5250
   1 5255
   1 5258
   1 5262
   1 5267
   1 527
   1 5271
   1 5276
   1 5279
   1 5282
   1 5283
   1 5286
   1 5290
   1 5295
   1 530
   1 5300
   1 5302
   1 5305
   1 5308
   1 5312
   1 5317
   1 5319
   1 5322
   1 5324
   1 5327
   1 5330
   1 5334
   1 5336
   1 5341
   1 5342
   1 5345
   1 5349
   1 535
   1 5351
   1 5353
   1 5357
   1 5361
   1 5364
   1 5367
   1 5369
   1 5371
   1 5376
   1 5378
   1 538
   1 5382
   1 5387
   1 539
   1 5391
   1 5393
   1 5395
   1 5396
   1 5397
   1 5399
   1 5404
   1 5407
   1 541
   1 5411
   1 5416
   1 5420
   1 5422
   1 5425
   1 5429
   1 5432
   1 5437
   1 5438
   1 5440
   1 5442
   1 5444
   1 5448
   1 545
   1 5451
   1 5455
   1 5458
   1 546
   1 5463
   1 5466
   1 5468
   1 547
   1 5470
   1 5473
   1 5476
   1 5479
   1 5481
   1 5485
   1 5487
   1 5492
   1 5495
   1 5499
   1 55
   1 5504
   1 5506
   1 5507
   1 5509
   1 5512
   1 5516
   1 552
   1 5520
   1 5523
   1 5524
   1 5528
   1 5531
   1 5534
   1 5535
   1 554
   1 5540
   1 5543
   1 5548
   1 5551
   1 5554
   1 5559
   1 5562
   1 5564
   1 5566
   1 5568
   1 5570
   1 5571
   1 5576
   1 5580
   1 5585
   1 559
   1 5590
   1 5595
   1 5598
   1 5601
   1 5604
   1 5608
   1 5609
   1 5612
   1 5616
   1 5619
   1 5623
   1 5628
   1 563
   1 5630
   1 5635
   1 5636
   1 5639
   1 564
   1 5643
   1 5645
   1 5649
   1 565
   1 5652
   1 5655
   1 5659
   1 5662
   1 5664
   1 5666
   1 567
   1 5670
   1 5671
   1 5673
   1 5676
   1 5681
   1 5685
   1 5687
   1 5689
   1 5691
   1 5695
   1 5697
   1 570
   1 5700
   1 5704
   1 5706
   1 5710
   1 5712
   1 5715
   1 5717
   1 5719
   1 5720
   1 5723
   1 5727
   1 5730
   1 5733
   1 5735
   1 5738
   1 574
   1 5740
   1 5742
   1 5745
   1 5747
   1 5749
   1 5752
   1 5754
   1 5757
   1 5759
   1 5763
   1 5766
   1 577
   1 5771
   1 5775
   1 5778
   1 578
   1 5783
   1 5785
   1 5786
   1 5788
   1 5790
   1 5795
   1 5798
   1 58
   1 5801
   1 5805
   1 5808
   1 581
   1 5812
   1 5814
   1 5815
   1 5819
   1 5821
   1 5825
   1 5829
   1 5833
   1 5836
   1 5838
   1 5842
   1 5847
   1 5849
   1 5853
   1 5856
   1 5858
   1 586
   1 5861
   1 5864
   1 5867
   1 5868
   1 5873
   1 5876
   1 5879
   1 5882
   1 5887
   1 5892
   1 5893
   1 5897
   1 5899
   1 590
   1 5902
   1 5905
   1 5906
   1 5908
   1 5911
   1 5915
   1 5918
   1 592
   1 5921
   1 5922
   1 5924
   1 5928
   1 5931
   1 5936
   1 5938
   1 5942
   1 5949
   1 595
   1 5953
   1 5958
   1 596
   1 5961
   1 5966
   1 5971
   1 5973
   1 5976
   1 5978
   1 5981
   1 5983
   1 5988
   1 5991
   1 5996
   1 5998
   1 6000
   1 6001
   1 6003
   1 6007
   1 6008
   1 601
   1 6010
   1 6011
   1 6013
   1 6015
   1 6017
   1 6022
   1 6024
   1 6027
   1 6030
   1 6034
   1 6036
   1 6039
   1 604
   1 6040
   1 6044
   1 6047
   1 605
   1 6051
   1 6053
   1 6056
   1 6059
   1 6061
   1 6066
   1 6069
   1 6071
   1 6075
   1 6079
   1 6080
   1 6084
   1 6086
   1 6089
   1 6090
   1 6093
   1 6095
   1 6099
   1 610
   1 6101
   1 6102
   1 6103
   1 6106
   1 6109
   1 6112
   1 6114
   1 6117
   1 6120
   1 6124
   1 6128
   1 613
   1 6132
   1 6137
   1 6140
   1 6143
   1 6145
   1 615
   1 6150
   1 6152
   1 6153
   1 6156
   1 6159
   1 6162
   1 6165
   1 6170
   1 6174
   1 6179
   1 618
   1 6181
   1 6182
   1 6185
   1 6189
   1 6192
   1 6194
   1 6197
   1 6199
   1 6203
   1 6205
   1 6209
   1 621
   1 6213
   1 6217
   1 6219
   1 6223
   1 6227
   1 6229
   1 6232
   1 6235
   1 6237
   1 6239
   1 624
   1 6242
   1 6243
   1 6245
   1 6246
   1 6249
   1 6253
   1 6256
   1 6259
   1 626
   1 6262
   1 6266
   1 6267
   1 6269
   1 6272
   1 6275
   1 628
   1 6280
   1 6282
   1 6286
   1 6287
   1 6291
   1 6295
   1 6299
   1 63
   1 6302
   1 6305
   1 6308
   1 631
   1 6312
   1 6316
   1 6319
   1 6324
   1 6328
   1 6331
   1 6335
   1 6339
   1 6342
   1 6345
   1 6349
   1 6352
   1 6353
   1 6356
   1 636
   1 6360
   1 6364
   1 6368
   1 6369
   1 6371
   1 6375
   1 6378
   1 638
   1 6382
   1 6384
   1 6388
   1 639
   1 6392
   1 6393
   1 6397
   1 6401
   1 6406
   1 6410
   1 6413
   1 6417
   1 6418
   1 642
   1 6422
   1 6424
   1 6425
   1 6428
   1 643
   1 6432
   1 6436
   1 6441
   1 6445
   1 6448
   1 6449
   1 645
   1 6452
   1 6456
   1 6461
   1 6464
   1 6468
   1 6470
   1 6473
   1 6477
   1 6478
   1 648
   1 6481
   1 6483
   1 6486
   1 6488
   1 6493
   1 6498
   1 6500
   1 6503
   1 6506
   1 651
   1 6510
   1 6514
   1 6517
   1 6520
   1 6524
   1 6528
   1 6529
   1 6533
   1 6536
   1 654
   1 6541
   1 6545
   1 6550
   1 6553
   1 6556
   1 6557
   1 6559
   1 6562
   1 6565
   1 6568
   1 6571
   1 6572
   1 6575
   1 6579
   1 658
   1 6583
   1 6587
   1 6590
   1 6592
   1 6595
   1 6596
   1 6599
   1 6602
   1 6606
   1 661
   1 6610
   1 6614
   1 6618
   1 6620
   1 6622
   1 6624
   1 6626
   1 6629
   1 6631
   1 6634
   1 6636
   1 6638
   1 6641
   1 6645
   1 6647
   1 665
   1 6652
   1 6657
   1 6659
   1 666
   1 6662
   1 6666
   1 6669
   1 667
   1 6672
   1 6675
   1 6679
   1 6682
   1 6685
   1 669
   1 6690
   1 6694
   1 6698
   1 6699
   1 6702
   1 6705
   1 6708
   1 671
   1 6712
   1 6715
   1 6718
   1 6720
   1 6725
   1 6728
   1 6730
   1 6732
   1 6735
   1 6737
   1 6739
   1 6743
   1 6745
   1 6749
   1 675
   1 6750
   1 6752
   1 6755
   1 6760
   1 6763
   1 6765
   1 6769
   1 6773
   1 6778
   1 678
   1 6782
   1 6784
   1 6788
   1 6790
   1 6793
   1 6795
   1 6799
   1 68
   1 6804
   1 6808
   1 6811
   1 6814
   1 6815
   1 682
   1 6820
   1 6824
   1 6828
   1 6833
   1 6834
   1 6839
   1 6843
   1 6846
   1 6849
   1 6851
   1 6856
   1 6857
   1 686
   1 6862
   1 6864
   1 6867
   1 6869
   1 687
   1 6870
   1 6872
   1 6875
   1 6878
   1 6882
   1 6884
   1 6888
   1 689
   1 6891
   1 6894
   1 6897
   1 6899
   1 6902
   1 6904
   1 6908
   1 691
   1 6911
   1 6913
   1 6917
   1 6920
   1 6923
   1 6926
   1 6928
   1 6929
   1 6933
   1 6934
   1 6937
   1 6939
   1 694
   1 6943
   1 6944
   1 6946
   1 6950
   1 6953
   1 6958
   1 696
   1 6961
   1 6965
   1 6967
   1 6970
   1 6972
   1 6977
   1 6980
   1 6983
   1 6986
   1 699
   1 6990
   1 6993
   1 6995
   1 6999
   1 7
   1 7001
   1 7006
   1 701
   1 7010
   1 7014
   1 7017
   1 7021
   1 7025
   1 7028
   1 7032
   1 7034
   1 7037
   1 704
   1 7040
   1 7041
   1 7043
   1 7047
   1 7048
   1 7049
   1 7051
   1 7053
   1 7057
   1 7061
   1 7065
   1 7069
   1 7071
   1 7073
   1 7076
   1 7077
   1 708
   1 7080
   1 7082
   1 7084
   1 7088
   1 7090
   1 7092
   1 7096
   1 71
   1 7101
   1 7106
   1 7108
   1 7111
   1 7114
   1 7117
   1 7119
   1 712
   1 7121
   1 7124
   1 7127
   1 7130
   1 7132
   1 7133
   1 7136
   1 714
   1 7140
   1 7142
   1 7146
   1 7149
   1 7153
   1 7156
   1 7158
   1 7162
   1 7166
   1 7169
   1 717
   1 7171
   1 7172
   1 7175
   1 7178
   1 7183
   1 7187
   1 7191
   1 7194
   1 7195
   1 7198
   1 720
   1 7201
   1 7203
   1 7208
   1 7213
   1 7216
   1 7217
   1 7218
   1 7221
   1 7225
   1 7226
   1 7227
   1 723
   1 7231
   1 7234
   1 7239
   1 7242
   1 7246
   1 7248
   1 7249
   1 725
   1 7252
   1 7257
   1 7260
   1 7262
   1 7265
   1 7267
   1 7271
   1 7274
   1 7279
   1 7282
   1 7284
   1 7286
   1 7288
   1 729
   1 7291
   1 7295
   1 7298
   1 7301
   1 7304
   1 7307
   1 7311
   1 7313
   1 7317
   1 7321
   1 7322
   1 7325
   1 7327
   1 7328
   1 733
   1 7333
   1 7336
   1 7339
   1 7344
   1 7346
   1 7347
   1 7349
   1 7351
   1 7353
   1 7354
   1 7359
   1 736
   1 7362
   1 7366
   1 7367
   1 737
   1 7371
   1 7375
   1 738
   1 7380
   1 7383
   1 7385
   1 7388
   1 7392
   1 7395
   1 7396
   1 7401
   1 7405
   1 7408
   1 7411
   1 7414
   1 7415
   1 7419
   1 742
   1 7423
   1 7426
   1 7431
   1 7434
   1 7437
   1 7441
   1 7444
   1 7445
   1 7448
   1 745
   1 7451
   1 7454
   1 7455
   1 7458
   1 746
   1 7463
   1 7466
   1 7469
   1 7473
   1 7474
   1 7477
   1 7478
   1 7480
   1 7483
   1 7485
   1 7487
   1 7489
   1 7494
   1 7497
   1 75
   1 750
   1 7500
   1 7502
   1 7506
   1 7509
   1 7512
   1 7515
   1 7517
   1 7520
   1 7523
   1 7524
   1 7526
   1 753
   1 7530
   1 7533
   1 7536
   1 7540
   1 7545
   1 7547
   1 7549
   1 7554
   1 7556
   1 7559
   1 756
   1 7560
   1 7562
   1 7564
   1 7567
   1 7571
   1 7573
   1 7575
   1 758
   1 7580
   1 7584
   1 7585
   1 7586
   1 7590
   1 7594
   1 7599
   1 7604
   1 7607
   1 761
   1 7611
   1 7614
   1 7617
   1 7619
   1 7621
   1 7626
   1 7627
   1 7629
   1 7632
   1 7636
   1 7640
   1 7644
   1 7647
   1 765
   1 7651
   1 7654
   1 7659
   1 7664
   1 7669
   1 7673
   1 7675
   1 7679
   1 7684
   1 7688
   1 769
   1 7690
   1 7693
   1 7696
   1 7699
   1 7701
   1 7703
   1 7706
   1 771
   1 7711
   1 7713
   1 7717
   1 7720
   1 7723
   1 7725
   1 7730
   1 7733
   1 7735
   1 7739
   1 774
   1 7742
   1 7743
   1 7746
   1 7750
   1 7755
   1 7759
   1 7763
   1 7765
   1 7769
   1 777
   1 7773
   1 7776
   1 7779
   1 7782
   1 7784
   1 7788
   1 7791
   1 7793
   1 7797
   1 7801
   1 7803
   1 7806
   1 7809
   1 7811
   1 7812
   1 7815
   1 7817
   1 7819
   1 782
   1 7821
   1 7824
   1 7828
   1 7833
   1 7835
   1 7838
   1 7840
   1 7843
   1 7847
   1 785
   1 7851
   1 7853
   1 7856
   1 7859
   1 7862
   1 7863
   1 7865
   1 7866
   1 7870
   1 7873
   1 7876
   1 7879
   1 788
   1 7882
   1 7884
   1 7888
   1 7889
   1 7891
   1 7894
   1 7898
   1 79
   1 790
   1 7903
   1 7904
   1 7907
   1 7911
   1 7914
   1 7918
   1 792
   1 7923
   1 7926
   1 7931
   1 7934
   1 7936
   1 7939
   1 794
   1 7942
   1 7944
   1 7947
   1 7950
   1 7952
   1 7954
   1 7957
   1 7961
   1 7962
   1 7963
   1 7964
   1 7965
   1 7968
   1 7971
   1 7976
   1 798
   1 7981
   1 7986
   1 7990
   1 7993
   1 7997
   1 8000
   1 8002
   1 8003
   1 8007
   1 8011
   1 8015
   1 8018
   1 8019
   1 802
   1 8022
   1 8027
   1 8030
   1 8032
   1 8035
   1 8040
   1 8045
   1 8048
   1 8053
   1 8057
   1 806
   1 8062
   1 8066
   1 8069
   1 8070
   1 8074
   1 8075
   1 8078
   1 8082
   1 8085
   1 8088
   1 8091
   1 8094
   1 8096
   1 8099
   1 8103
   1 8104
   1 8105
   1 8108
   1 811
   1 8112
   1 8115
   1 8118
   1 8121
   1 8125
   1 8127
   1 8132
   1 8134
   1 8137
   1 8139
   1 814
   1 8142
   1 8143
   1 8146
   1 8148
   1 8152
   1 8155
   1 8158
   1 816
   1 8161
   1 8164
   1 8168
   1 8172
   1 8173
   1 8176
   1 8177
   1 8180
   1 8182
   1 8185
   1 8188
   1 819
   1 8191
   1 8195
   1 8198
   1 8199
   1 82
   1 8201
   1 8204
   1 8207
   1 8209
   1 8213
   1 8217
   1 822
   1 8220
   1 8225
   1 8227
   1 8230
   1 8234
   1 8238
   1 8240
   1 8243
   1 8248
   1 8249
   1 825
   1 8250
   1 8252
   1 8257
   1 8259
   1 8262
   1 8267
   1 8268
   1 8272
   1 8273
   1 8277
   1 8282
   1 8286
   1 8287
   1 8289
   1 829
   1 8293
   1 8297
   1 8298
   1 83
   1 8301
   1 8304
   1 8309
   1 8312
   1 8316
   1 832
   1 8320
   1 8324
   1 8329
   1 8330
   1 8332
   1 8334
   1 8335
   1 8336
   1 8339
   1 8343
   1 8346
   1 8349
   1 8352
   1 8355
   1 8357
   1 8359
   1 8360
   1 8361
   1 8364
   1 8368
   1 837
   1 8371
   1 8374
   1 8377
   1 8380
   1 8381
   1 8385
   1 8389
   1 8393
   1 8395
   1 8398
   1 840
   1 8402
   1 8404
   1 8408
   1 841
   1 8411
   1 8413
   1 8416
   1 8417
   1 842
   1 8421
   1 8423
   1 8425
   1 8427
   1 8430
   1 8433
   1 8435
   1 8439
   1 8441
   1 8444
   1 8449
   1 845
   1 8451
   1 8453
   1 8457
   1 8461
   1 8464
   1 8467
   1 847
   1 8471
   1 8475
   1 8478
   1 848
   1 8481
   1 8484
   1 8486
   1 8487
   1 8490
   1 8495
   1 8498
   1 8500
   1 8503
   1 8506
   1 8507
   1 8512
   1 8515
   1 8518
   1 8519
   1 852
   1 8521
   1 8525
   1 8529
   1 8532
   1 8533
   1 8536
   1 8541
   1 8543
   1 8544
   1 8547
   1 855
   1 8550
   1 8552
   1 8555
   1 8558
   1 8563
   1 8568
   1 857
   1 8571
   1 8573
   1 8576
   1 8579
   1 8583
   1 8586
   1 8589
   1 8594
   1 8598
   1 860
   1 8601
   1 8604
   1 8607
   1 861
   1 8612
   1 8615
   1 8618
   1 8621
   1 8624
   1 8628
   1 863
   1 8631
   1 8636
   1 8639
   1 8642
   1 8644
   1 8646
   1 8648
   1 8649
   1 8653
   1 8655
   1 866
   1 8660
   1 8665
   1 8668
   1 8671
   1 8676
   1 8680
   1 8683
   1 8684
   1 8687
   1 8690
   1 8692
   1 8695
   1 8697
   1 87
   1 870
   1 8700
   1 8702
   1 8703
   1 8705
   1 8708
   1 8713
   1 8715
   1 8718
   1 8720
   1 8721
   1 8723
   1 8725
   1 873
   1 8730
   1 8735
   1 8736
   1 8739
   1 8744
   1 8747
   1 8751
   1 8754
   1 8756
   1 8760
   1 8763
   1 8764
   1 8766
   1 8771
   1 8774
   1 8777
   1 878
   1 8782
   1 8784
   1 8787
   1 8788
   1 8790
   1 8794
   1 8797
   1 8798
   1 8799
   1 8802
   1 8806
   1 8809
   1 8811
   1 8813
   1 8817
   1 8819
   1 8820
   1 8824
   1 8827
   1 883
   1 8832
   1 8837
   1 8841
   1 8843
   1 8847
   1 8851
   1 8854
   1 8856
   1 8857
   1 8858
   1 8862
   1 8863
   1 8867
   1 887
   1 8871
   1 8872
   1 8875
   1 8879
   1 8883
   1 8886
   1 8891
   1 8892
   1 8894
   1 8897
   1 8899
   1 8900
   1 8903
   1 8904
   1 8906
   1 8911
   1 8914
   1 8918
   1 892
   1 8922
   1 8924
   1 8927
   1 8930
   1 8932
   1 8937
   1 8941
   1 8944
   1 8948
   1 895
   1 8952
   1 8955
   1 8956
   1 8961
   1 8965
   1 8968
   1 8971
   1 8976
   1 8979
   1 898
   1 8983
   1 8987
   1 8990
   1 8992
   1 8994
   1 8995
   1 8996
   1 8999
   1 90
   1 9001
   1 9004
   1 9007
   1 901
   1 9010
   1 9013
   1 9015
   1 9018
   1 9021
   1 9025
   1 9028
   1 9031
   1 9033
   1 9037
   1 9040
   1 9043
   1 9046
   1 905
   1 9050
   1 9054
   1 9057
   1 9060
   1 9062
   1 9066
   1 9067
   1 9069
   1 9072
   1 9075
   1 9079
   1 9081
   1 9082
   1 9085
   1 9087
   1 9090
   1 9091
   1 9095
   1 9098
   1 91
   1 910
   1 9102
   1 9104
   1 9106
   1 9107
   1 9110
   1 9113
   1 9115
   1 9118
   1 9121
   1 9125
   1 9128
   1 913
   1 9131
   1 9133
   1 9135
   1 9137
   1 9139
   1 914
   1 9141
   1 9144
   1 9146
   1 9150
   1 9155
   1 9158
   1 916
   1 9162
   1 9163
   1 9165
   1 9168
   1 9171
   1 9172
   1 9176
   1 9178
   1 9183
   1 9184
   1 9187
   1 9191
   1 9194
   1 9199
   1 9201
   1 9204
   1 9207
   1 9209
   1 921
   1 9210
   1 9214
   1 9218
   1 9220
   1 9223
   1 9224
   1 9225
   1 9228
   1 9231
   1 9233
   1 9236
   1 9238
   1 924
   1 9241
   1 9244
   1 9247
   1 9250
   1 9254
   1 9257
   1 9259
   1 9262
   1 9266
   1 927
   1 9270
   1 9274
   1 9277
   1 9280
   1 9284
   1 9288
   1 9291
   1 9294
   1 9298
   1 9299
   1 9302
   1 9306
   1 931
   1 9310
   1 9313
   1 9318
   1 932
   1 9320
   1 9324
   1 9328
   1 9332
   1 9335
   1 9337
   1 9341
   1 9344
   1 9346
   1 9349
   1 935
   1 9354
   1 9357
   1 9359
   1 9360
   1 9362
   1 9367
   1 937
   1 9370
   1 9373
   1 9378
   1 9383
   1 9388
   1 9392
   1 9394
   1 9395
   1 9397
   1 9398
   1 94
   1 940
   1 9400
   1 9401
   1 9406
   1 9407
   1 9409
   1 941
   1 9412
   1 9415
   1 9417
   1 9420
   1 9422
   1 9424
   1 9427
   1 9429
   1 943
   1 9432
   1 9435
   1 9438
   1 9441
   1 9446
   1 9450
   1 9455
   1 9459
   1 9464
   1 9467
   1 9469
   1 947
   1 9472
   1 9475
   1 9477
   1 9479
   1 9481
   1 9483
   1 9485
   1 9489
   1 9493
   1 9496
   1 9500
   1 9505
   1 9509
   1 9512
   1 9515
   1 952
   1 9520
   1 9523
   1 9527
   1 9528
   1 9533
   1 9535
   1 9538
   1 954
   1 9541
   1 9545
   1 9548
   1 9551
   1 9554
   1 9556
   1 9559
   1 956
   1 9562
   1 9567
   1 9568
   1 9572
   1 9575
   1 9576
   1 9580
   1 9584
   1 9588
   1 9592
   1 9594
   1 9596
   1 960
   1 9600
   1 9603
   1 9606
   1 9611
   1 9613
   1 9616
   1 9619
   1 962
   1 9622
   1 9625
   1 9628
   1 963
   1 9633
   1 9635
   1 9638
   1 9641
   1 9645
   1 9647
   1 9650
   1 9654
   1 9656
   1 9661
   1 9665
   1 9669
   1 967
   1 9673
   1 9674
   1 9678
   1 9682
   1 9687
   1 9691
   1 9694
   1 9696
   1 9699
   1 970
   1 9703
   1 9705
   1 9710
   1 9713
   1 9716
   1 9717
   1 9719
   1 972
   1 9722
   1 9727
   1 9729
   1 9731
   1 9735
   1 9739
   1 9742
   1 9745
   1 9748
   1 975
   1 9750
   1 9752
   1 9757
   1 9760
   1 9762
   1 9763
   1 9765
   1 9767
   1 9769
   1 977
   1 9772
   1 9777
   1 9781
   1 9784
   1 9789
   1 979
   1 9791
   1 9794
   1 9799
   1 9803
   1 9806
   1 9811
   1 9813
   1 9816
   1 982
   1 9820
   1 9822
   1 9824
   1 9826
   1 9828
   1 9830
   1 9833
   1 9836
   1 9839
   1 984
   1 9843
   1 9845
   1 9849
   1 985
   1 9853
   1 9854
   1 9858
   1 9861
   1 9864
   1 9869
   1 9873
   1 9876
   1 9879
   1 988
   1 9882
   1 9885
   1 9888
   1 989
   1 9891
   1 9894
   1 9896
   1 9899
   1 99
   1 990
   1 9900
   1 9902
   1 9906
   1 9909
   1 9912
   1 9916
   1 9917
   1 9918
   1 992
   1 9921
   1 9923
   1 9927
   1 9931
   1 9933
   1 9936
   1 994
   1 9940
   1 9945
   1 9947
   1 9950
   1 9954
   1 9959
   1 9961
   1 9963
   1 9964
   1 9967
   1 9971
   1 9975
   1 9977
   1 998
   1 9981
   1 9983
   1 9986
   1 9989
   1 999
   1 9992
   1 9995
   1 9998
   1 A_a9
   1 A_d7
   1 Aad6
   1 Acu5
   1 Adp2
   1 Aic1
   1 Aka9
   1 Akc8
   1 Amp7
   1 Anw3
   1 Aoe5
   1 Apb0
   1 Aud6
   1 Axi4
   1 Ayw4
   1 Azc0
   1 B_e8
   1 B_s4
   1 Bak3
   1 Bal0
   1 Baw4
   1 Bbi3
   1 Bbv2
   1 Bcw1
   1 Beb6
   1 Bgi3
   1 Bkw1
   1 Bmb7
   1 Bmc7
   1 Bon4
   1 Bpv7
   1 Br_1
   1 Bre2
   1 Bto3
   1 Bts0
   1 Bvp7
   1 Bxw3
   1 C_z0
   1 Cco1
   1 Cdu7
   1 Cee2
   1 Cjn6
   1 Clf2
   1 Cmx5
   1 Cow9
   1 Cpz6
   1 Crl5
   1 Cu_4
   1 Cvr0
   1 D_p6
   1 Dat8
   1 Dbe3
   1 Dcc0
   1 Ddv5
   1 Dfh5
   1 Dfq1
   1 Dh_6
   1 Dhm7
   1 Dlb2
   9 Dld7
   1 Dna2
   1 Dnh8
   1 Dnz0
   1 E_p1
   1 E_s6
   1 E_u5
   1 E_x8
   1 Eal0
   1 Ege3
   1 Egt9
   1 Eha6
   1 Eij9
   1 En_7
   1 Eoe7
   1 Eut9
   1 Ewa8
   1 Ewh9
   1 Exz2
   1 F_n0
   1 F_q3
   1 F_x7
   1 Fa_0
   1 Fai6
   1 Fbz6
   1 Ffh7
   1 Ffr8
   1 Fjd0
   1 Frp4
   1 Fy_2
   1 Fyz5
   1 Fzo4
   1 G_n3
   1 G_v0
   1 Gat5
   1 Gbe6
   1 Gdd0
   1 Gdq1
   1 Ge_0
   1 Gfn0
   1 Ggw7
   1 Gmf9
   1 Gna2
   1 Gnl7
   1 Gp_3
   1 Gpo7
   1 Grn9
   1 Gty2
   1 Gy_2
   1 H_k1
   1 H_p7
   1 H_y0
   1 Ha_6
   1 Hbs0
   1 Hez3
   1 Hfa8
   1 Hgv6
   1 Hhb9
   1 Hk_6
   1 Hlj8
   1 Hmq2
   1 Hq_1
   1 Hra3
   1 Hsk7
   1 Hti9
   1 Huo5
   1 Hvt8
   1 Hyx4
   1 I_x1
   1 Iab6
   1 Iao2
   1 Ibn9
   1 Ibu7
   1 Icx1
   1 Iff4
   1 Il_4
   1 Inm7
   1 Ioo5
   1 Ipt1
   1 Itd3
   1 Iul6
   1 Iw_7
   1 Iws9
   1 Iyw4
   1 Jaa4
   1 Jbf2
   1 Jc_1
   1 Jce0
   1 Jeq7
   1 Jfj8
   1 Jfu6
   1 Jg_1
   1 Jgg5
   1 Jlk3
   1 Jlm4
   1 Jmo7
   1 Jmq1
   1 Jmw0
   1 Jnq0
   1 Jpq7
   1 Jrj0
   1 Jrj3
   1 Jsj0
   1 Jtb8
   1 Jwc7
   1 Jya6
   1 Jzn4
   1 K_e4
   1 K_h3
   1 K_u8
   1 Kfz8
   1 Kge1
   1 Kio8
   1 Kjm1
   1 Kjz9
   1 Kmr6
   1 Knd9
   1 Kph3
   1 Ksx2
   1 Ktn1
   1 Kwl1
   1 Kxe2
   1 Kyx6
   1 M_q1
   1 M_r2
   1 Meh0
   1 Mfm5
   1 Mpy3
   1 Mrb3
   1 Ms_4
   1 Mtr3
   1 Mut9
   1 Mvk9
   1 Mww9
   1 Mx_0
   1 Mze5
   1 Nax1
   1 Nhi3
   1 Nhw3
   1 Njy2
   1 Nko5
   1 Non9
   1 Npt5
   1 Nri9
   1 Nve6
   1 O_k0
   1 Ogc1
   1 Ohn4
   1 Oj_7
   1 Ojg2
   1 Okq8
   1 Olf5
   1 Omb3
   1 Ooe6
   1 Oui5
   1 Ozi0
   1 P_l8
   1 P_m2
   1 Pad2
   1 Pbq6
   1 Pcc3
   1 Pct0
   1 Pfp9
   1 Plm9
   1 Pmh3
   1 Pmy8
   1 Pn_3
   1 Pnv2
   1 Psh9
   1 Ptu0
   1 Ptw7
   1 Py_7
   1 Pzd0
   1 Q_m3
   1 Q_o7
   1 Qak1
   1 Qar4
   1 Qas4
   1 Qbs0
   1 Qfb9
   1 Qim2
   1 Qjk6
   1 Qjw2
   1 Qls9
   1 Qnh4
   1 Qnh6
   1 Qnx9
   1 Qoo6
   1 Qve3
   1 Qwp0
   1 Qxj7
   1 R_b0
   1 Rce8
   1 Rd_5
   1 Rib6
   1 Rl_0
   1 Rsc3
   1 Rvs9
   1 S_r1
   1 Saj4
   1 Se_4
   1 Sem1
   1 Set7
   1 Sgj2
   1 Shp5
   1 Shs2
   1 Sio6
   1 Smk9
   1 Spz0
   1 Sqs6
   1 Srq9
   1 Su_8
   1 Syf1
   1 Szl4
   1 T_b0
   1 T_l7
   1 Tan2
   1 Tbk1
   1 Tev2
   1 Tfj0
   1 Tfq5
   1 Tk_3
   1 Tlc3
   1 Tm_5
   1 Tmm4
   1 Tol5
   1 Trp9
   1 Tvy4
   1 Twk3
   1 Tyb8
   1 Tyr2
   1 Tyv5
   1 Uax6
   1 Ubg3
   1 Uit4
   1 Ukc9
   1 Ukt0
   1 Ukv0
   1 Unf1
   1 Urr6
   1 Utm3
   1 Uuv1
   1 Uva1
   1 Uy_4
   1 Uz_2
   1 Uz_5
   1 Uzk3
   1 V_m9
   1 V_y1
   1 Vak7
   1 Vao1
   1 Vbe9
   1 Vdh9
   1 Vh_1
   1 Vr_4
   1 Vrg0
   1 Vrx9
   1 Vts3
   1 Vzb8
   1 W_c6
   1 Wb_0
   1 Wbg8
   1 Wcv3
   1 Wfs1
   1 Wgp5
   1 Why9
   1 Wja1
   1 Wke6
   1 Wpf1
   1 Wpj3
   1 Wq_7
   1 Wsq8
   1 Wxy3
   1 Wym7
   1 Wyx0
   1 X_g6
   1 Xbk9
   1 Xhq7
   1 Xil8
   1 Xke5
   1 Xkn2
   1 Xpz3
   1 Xq_3
   1 Xxh6
   1 Xye4
   1 Xyw1
   1 Y_s7
   1 Yaa5
   1 Ydf6
   1 Ydx0
   1 Yew6
   1 Yff9
   1 Yll9
   1 Ypp1
   1 Ysj4
   1 Yve8
   1 Yvg8
   1 Yzk6
   1 Za_5
   1 Zaq2
   1 Zbt0
   1 Zfg3
   1 Zkz2
   1 Zpw3
   1 Zqr2
   1 Zqu8
   1 Zro1
   1 Zrr0
   1 Zsc1
   1 Zsr2
   1 Ztg4
   1 Zxw9
   1 Zyf5
   2 the
